isweep,gm,i_id,id,i_cgg,cgg,i_cgs,cgs,i_cgd,cgd,i_cds,cds,i_css,css,i_cdd,cdd,i_gds,gds,i_vth,vth,i_vdsat,vdsat,i_vgs,vgs,i_vds,vds,i_rds,rds,i_wt,wt,i_ft,ft,i_kgm,kgm,W,L,pdk
1.00000000e-09,2.68195959e-08,1.00000000e-09,9.99394482e-10,1.00000000e-09,5.70451900e-16,1.00000000e-09,-1.26704924e-16,1.00000000e-09,1.24607277e-19,1.00000000e-09,7.89865159e-17,1.00000000e-09,1.18206730e-16,1.00000000e-09,3.28870095e-20,1.00000000e-09,7.74057630e-10,1.00000000e-09,7.32426033e-01,1.00000000e-09,4.86000772e-02,1.00000000e-09,3.88140961e-01,1.00000000e-09,3.88140960e-01,1.00000000e-09,1.29189347e+09,1.00000000e-09,4.70146490e+07,1.00000000e-09,7.48261379e+06,1.00000000e-09,2.68358455e+01,1.0,.200,sky130
1.50000000e-09,4.01309344e-08,1.50000000e-09,1.50550633e-09,1.50000000e-09,5.79787827e-16,1.50000000e-09,-1.41315970e-16,1.50000000e-09,1.40550484e-19,1.50000000e-09,8.73333529e-17,1.50000000e-09,1.30709580e-16,1.50000000e-09,2.56571984e-20,1.50000000e-09,1.14579350e-09,1.50000000e-09,7.32425382e-01,1.50000000e-09,4.86135293e-02,1.50000000e-09,4.03031583e-01,1.50000000e-09,4.03031582e-01,1.50000000e-09,8.72757613e+08,1.50000000e-09,6.92165867e+07,1.50000000e-09,1.10161619e+07,1.50000000e-09,2.66561047e+01,1.0,.200,sky130
2.00000000e-09,5.33766546e-08,2.00000000e-09,2.01363178e-09,2.00000000e-09,5.87141632e-16,2.00000000e-09,-1.52577438e-16,2.00000000e-09,1.51841834e-19,2.00000000e-09,9.37051625e-17,2.00000000e-09,1.40254563e-16,2.00000000e-09,2.08899741e-20,2.00000000e-09,1.51373143e-09,2.00000000e-09,7.32424917e-01,2.00000000e-09,4.86269092e-02,2.00000000e-09,4.13668502e-01,2.00000000e-09,4.13668502e-01,2.00000000e-09,6.60619168e+08,2.00000000e-09,9.09093338e+07,2.00000000e-09,1.44686699e+07,2.00000000e-09,2.65076540e+01,1.0,.200,sky130
2.50000000e-09,6.61087551e-08,2.50000000e-09,2.50571317e-09,2.50000000e-09,5.93087428e-16,2.50000000e-09,-1.61555532e-16,2.50000000e-09,1.60281376e-19,2.50000000e-09,9.87496299e-17,2.50000000e-09,1.47811487e-16,2.50000000e-09,1.75241331e-20,2.50000000e-09,1.86634900e-09,2.50000000e-09,7.32424566e-01,2.50000000e-09,4.86397770e-02,2.50000000e-09,4.21708085e-01,2.50000000e-09,4.21708084e-01,2.50000000e-09,5.35805467e+08,2.50000000e-09,1.11465447e+08,2.50000000e-09,1.77402768e+07,2.50000000e-09,2.63832093e+01,1.0,.200,sky130
3.00000000e-09,7.88513066e-08,3.00000000e-09,3.00140967e-09,3.00000000e-09,5.98275497e-16,3.00000000e-09,-1.69310647e-16,3.00000000e-09,1.67196708e-19,3.00000000e-09,1.03083153e-16,3.00000000e-09,1.54303570e-16,3.00000000e-09,1.48975208e-20,3.00000000e-09,2.21863763e-09,3.00000000e-09,7.32424274e-01,3.00000000e-09,4.86526677e-02,3.00000000e-09,4.28376305e-01,3.00000000e-09,4.28376304e-01,3.00000000e-09,4.50727053e+08,3.00000000e-09,1.31797653e+08,3.00000000e-09,2.09762480e+07,3.00000000e-09,2.62714242e+01,1.0,.200,sky130
3.50000000e-09,9.16057474e-08,3.50000000e-09,3.50050809e-09,3.50000000e-09,6.02901073e-16,3.50000000e-09,-1.76170485e-16,3.50000000e-09,1.73039125e-19,3.50000000e-09,1.06898880e-16,3.50000000e-09,1.60020080e-16,3.50000000e-09,1.27750938e-20,3.50000000e-09,2.57088668e-09,3.50000000e-09,7.32424025e-01,3.50000000e-09,4.86655858e-02,3.50000000e-09,4.34082512e-01,3.50000000e-09,4.34082511e-01,3.50000000e-09,3.88970858e+08,3.50000000e-09,1.51941590e+08,3.50000000e-09,2.41822550e+07,3.50000000e-09,2.61692718e+01,1.0,.200,sky130
4.00000000e-09,1.04304020e-07,4.00000000e-09,4.00011491e-09,4.00000000e-09,6.07068395e-16,4.00000000e-09,-1.82311211e-16,4.00000000e-09,1.78059489e-19,4.00000000e-09,1.10301211e-16,4.00000000e-09,1.65117370e-16,4.00000000e-09,1.10256301e-20,4.00000000e-09,2.92138362e-09,4.00000000e-09,7.32423808e-01,4.00000000e-09,4.86784639e-02,4.00000000e-09,4.39050480e-01,4.00000000e-09,4.39050479e-01,4.00000000e-09,3.42303556e+08,4.00000000e-09,1.71815929e+08,4.00000000e-09,2.73453544e+07,4.00000000e-09,2.60752561e+01,1.0,.200,sky130
4.50000000e-09,1.16941757e-07,4.50000000e-09,4.49984912e-09,4.50000000e-09,6.10867563e-16,4.50000000e-09,-1.87879647e-16,4.50000000e-09,1.82446693e-19,4.50000000e-09,1.13375895e-16,4.50000000e-09,1.69723869e-16,4.50000000e-09,9.55597918e-21,4.50000000e-09,3.27012410e-09,4.50000000e-09,7.32423616e-01,4.50000000e-09,4.86912983e-02,4.50000000e-09,4.43449540e-01,4.50000000e-09,4.43449539e-01,4.50000000e-09,3.05798792e+08,4.50000000e-09,1.91435533e+08,4.50000000e-09,3.04679113e+07,4.50000000e-09,2.59879285e+01,1.0,.200,sky130
5.00000000e-09,1.29522779e-07,5.00000000e-09,4.99968601e-09,5.00000000e-09,6.14365326e-16,5.00000000e-09,-1.92983095e-16,5.00000000e-09,1.86333529e-19,5.00000000e-09,1.16185272e-16,5.00000000e-09,1.73932951e-16,5.00000000e-09,8.30245053e-21,5.00000000e-09,3.61729561e-09,5.00000000e-09,7.32423443e-01,5.00000000e-09,4.87040932e-02,5.00000000e-09,4.47398608e-01,5.00000000e-09,4.47398607e-01,5.00000000e-09,2.76449621e+08,5.00000000e-09,2.10823713e+08,5.00000000e-09,3.35536361e+07,5.00000000e-09,2.59061828e+01,1.0,.200,sky130
5.50000000e-09,1.42049784e-07,5.50000000e-09,5.49958362e-09,5.50000000e-09,6.17611018e-16,5.50000000e-09,-1.97700183e-16,5.50000000e-09,1.89815009e-19,5.50000000e-09,1.18774880e-16,5.50000000e-09,1.77812824e-16,5.50000000e-09,7.22034368e-21,5.50000000e-09,3.96303179e-09,5.50000000e-09,7.32423286e-01,5.50000000e-09,4.87168514e-02,5.50000000e-09,4.50982565e-01,5.50000000e-09,4.50982563e-01,5.50000000e-09,2.52332066e+08,5.50000000e-09,2.29998785e+08,5.50000000e-09,3.66054435e+07,5.50000000e-09,2.58291888e+01,1.0,.200,sky130
6.00000000e-09,1.54525348e-07,6.00000000e-09,5.99951622e-09,6.00000000e-09,6.20642390e-16,6.00000000e-09,-2.02090622e-16,6.00000000e-09,1.92961636e-19,6.00000000e-09,1.21179197e-16,6.00000000e-09,1.81415130e-16,6.00000000e-09,6.27709081e-21,6.00000000e-09,4.30744745e-09,6.00000000e-09,7.32423143e-01,6.00000000e-09,4.87295752e-02,6.00000000e-09,4.54264314e-01,6.00000000e-09,4.54264312e-01,6.00000000e-09,2.32156054e+08,6.00000000e-09,2.48976465e+08,6.00000000e-09,3.96258351e+07,6.00000000e-09,2.57563015e+01,1.0,.200,sky130
6.50000000e-09,1.66951879e-07,6.50000000e-09,6.49946776e-09,6.50000000e-09,6.23489027e-16,6.50000000e-09,-2.06200893e-16,6.50000000e-09,1.95827151e-19,6.50000000e-09,1.23424987e-16,6.50000000e-09,1.84779961e-16,6.50000000e-09,5.44828227e-21,6.50000000e-09,4.65064157e-09,6.50000000e-09,7.32423011e-01,6.50000000e-09,4.87422669e-02,6.50000000e-09,4.57291763e-01,6.50000000e-09,4.57291762e-01,6.50000000e-09,2.15024096e+08,6.50000000e-09,2.67770356e+08,6.50000000e-09,4.26169758e+07,6.50000000e-09,2.56870077e+01,1.0,.200,sky130
7.00000000e-09,1.79331732e-07,7.00000000e-09,6.99943376e-09,7.00000000e-09,6.26174605e-16,7.00000000e-09,-2.10067975e-16,7.00000000e-09,1.98453469e-19,7.00000000e-09,1.25533493e-16,7.00000000e-09,1.87939132e-16,7.00000000e-09,4.71517892e-21,7.00000000e-09,4.99270377e-09,7.00000000e-09,7.32422888e-01,7.00000000e-09,4.87549285e-02,7.00000000e-09,4.60102273e-01,7.00000000e-09,4.60102271e-01,7.00000000e-09,2.00292276e+08,7.00000000e-09,2.86392534e+08,7.00000000e-09,4.55807874e+07,7.00000000e-09,2.56208914e+01,1.0,.200,sky130
7.50000000e-09,1.91666935e-07,7.50000000e-09,7.49940756e-09,7.50000000e-09,6.28718345e-16,7.50000000e-09,-2.13721732e-16,7.50000000e-09,2.00873856e-19,7.50000000e-09,1.27521828e-16,7.50000000e-09,1.90918282e-16,7.50000000e-09,4.06312013e-21,7.50000000e-09,5.33370867e-09,7.50000000e-09,7.32422773e-01,7.50000000e-09,4.87675619e-02,7.50000000e-09,4.62725485e-01,7.50000000e-09,4.62725483e-01,7.50000000e-09,1.87486805e+08,7.50000000e-09,3.04853416e+08,7.50000000e-09,4.85189281e+07,7.50000000e-09,2.55576102e+01,1.0,.200,sky130
8.00000000e-09,2.03959441e-07,8.00000000e-09,7.99938869e-09,8.00000000e-09,6.31136116e-16,8.00000000e-09,-2.17186707e-16,8.00000000e-09,2.03115183e-19,8.00000000e-09,1.29404029e-16,8.00000000e-09,1.93738435e-16,8.00000000e-09,3.48042701e-21,8.00000000e-09,5.67372428e-09,8.00000000e-09,7.32422666e-01,8.00000000e-09,4.87801685e-02,8.00000000e-09,4.65185356e-01,8.00000000e-09,4.65185354e-01,8.00000000e-09,1.76251074e+08,8.00000000e-09,3.23162366e+08,8.00000000e-09,5.14328880e+07,8.00000000e-09,2.54968784e+01,1.0,.200,sky130
8.50000000e-09,2.16210928e-07,8.50000000e-09,8.49937348e-09,8.50000000e-09,6.33441153e-16,8.50000000e-09,-2.20483284e-16,8.50000000e-09,2.05199433e-19,8.50000000e-09,1.31191730e-16,8.50000000e-09,1.96417019e-16,8.50000000e-09,2.95766626e-21,8.50000000e-09,6.01280768e-09,8.50000000e-09,7.32422565e-01,8.50000000e-09,4.87927498e-02,8.50000000e-09,4.67501487e-01,8.50000000e-09,4.67501484e-01,8.50000000e-09,1.66311655e+08,8.50000000e-09,3.41327568e+08,8.50000000e-09,5.43239696e+07,8.50000000e-09,2.54384548e+01,1.0,.200,sky130
9.00000000e-09,2.28422982e-07,9.00000000e-09,8.99936098e-09,9.00000000e-09,6.35644643e-16,9.00000000e-09,-2.23628623e-16,9.00000000e-09,2.07144834e-19,9.00000000e-09,1.32894709e-16,9.00000000e-09,1.98968680e-16,9.00000000e-09,2.48711269e-21,9.00000000e-09,6.35101068e-09,9.00000000e-09,7.32422469e-01,9.00000000e-09,4.88053069e-02,9.00000000e-09,4.69690146e-01,9.00000000e-09,4.69690143e-01,9.00000000e-09,1.57455254e+08,9.00000000e-09,3.59356419e+08,9.00000000e-09,5.71933504e+07,9.00000000e-09,2.53821336e+01,1.0,.200,sky130
9.50000000e-09,2.40597049e-07,9.50000000e-09,9.49935032e-09,9.50000000e-09,6.37756120e-16,9.50000000e-09,-2.26637303e-16,9.50000000e-09,2.08966658e-19,9.50000000e-09,1.34521257e-16,9.50000000e-09,2.01405839e-16,9.50000000e-09,2.06236936e-21,9.50000000e-09,6.68837912e-09,9.50000000e-09,7.32422378e-01,9.50000000e-09,4.88178410e-02,9.50000000e-09,4.71764973e-01,9.50000000e-09,4.71764970e-01,9.50000000e-09,1.49513056e+08,9.50000000e-09,3.77255570e+08,9.50000000e-09,6.00420888e+07,9.50000000e-09,2.53277373e+01,1.0,.200,sky130
1.00000000e-08,2.52733693e-07,1.00000000e-08,9.99930927e-09,1.00000000e-08,6.39783666e-16,1.00000000e-08,-2.29521648e-16,1.00000000e-08,2.10677722e-19,1.00000000e-08,1.36078378e-16,1.00000000e-08,2.03738988e-16,1.00000000e-08,1.67810793e-21,1.00000000e-08,7.02493281e-09,1.00000000e-08,7.32422292e-01,1.00000000e-08,4.88303523e-02,1.00000000e-08,4.73737400e-01,1.00000000e-08,4.73737398e-01,1.00000000e-08,1.42350116e+08,1.00000000e-08,3.95029924e+08,1.00000000e-08,6.28709651e+07,1.00000000e-08,2.52751151e+01,1.0,.200,sky130
1.50000000e-08,3.73631768e-07,1.50000000e-08,1.50545663e-08,1.50000000e-08,6.56824841e-16,1.50000000e-08,-2.53598736e-16,1.50000000e-08,2.23649456e-19,1.50000000e-08,1.48995570e-16,1.50000000e-08,2.23094359e-16,1.50000000e-08,-6.94039721e-22,1.50000000e-08,1.03902434e-08,1.50000000e-08,7.32421598e-01,1.50000000e-08,4.89557861e-02,1.50000000e-08,4.89628547e-01,1.50000000e-08,4.89628542e-01,1.50000000e-08,9.62441362e+07,1.50000000e-08,5.68845367e+08,1.50000000e-08,9.05345521e+07,1.50000000e-08,2.48185010e+01,1.0,.200,sky130
2.00000000e-08,4.92121721e-07,2.00000000e-08,2.01251144e-08,2.00000000e-08,6.69866915e-16,2.00000000e-08,-2.71853568e-16,2.00000000e-08,2.31990676e-19,2.00000000e-08,1.58698532e-16,2.00000000e-08,2.37634132e-16,2.00000000e-08,-1.55931690e-21,2.00000000e-08,1.37112173e-08,2.00000000e-08,7.32421097e-01,2.00000000e-08,4.90799949e-02,2.00000000e-08,5.01091459e-01,2.00000000e-08,5.01091453e-01,2.00000000e-08,7.29329845e+07,2.00000000e-08,7.34655960e+08,2.00000000e-08,1.16924128e+08,2.00000000e-08,2.44531142e+01,1.0,.200,sky130
2.50000000e-08,6.05151148e-07,2.50000000e-08,2.50541263e-08,2.50000000e-08,6.80242049e-16,2.50000000e-08,-2.86286356e-16,2.50000000e-08,2.37716949e-19,2.50000000e-08,1.66318446e-16,2.50000000e-08,2.49052865e-16,2.50000000e-08,-1.71230540e-21,2.50000000e-08,1.68990171e-08,2.50000000e-08,7.32420714e-01,2.50000000e-08,4.91994939e-02,2.50000000e-08,5.09860315e-01,2.50000000e-08,5.09860308e-01,2.50000000e-08,5.91750393e+07,2.50000000e-08,8.89611498e+08,2.50000000e-08,1.41586067e+08,2.50000000e-08,2.41537518e+01,1.0,.200,sky130
3.00000000e-08,7.17156371e-07,3.00000000e-08,3.00174835e-08,3.00000000e-08,6.89150142e-16,3.00000000e-08,-2.98623028e-16,3.00000000e-08,2.42023360e-19,3.00000000e-08,1.72797458e-16,3.00000000e-08,2.58762166e-16,3.00000000e-08,-1.48844571e-21,3.00000000e-08,2.00755811e-08,3.00000000e-08,7.32420395e-01,3.00000000e-08,4.93187642e-02,3.00000000e-08,5.17179235e-01,3.00000000e-08,5.17179226e-01,3.00000000e-08,4.98117587e+07,3.00000000e-08,1.04063879e+09,3.00000000e-08,1.65622808e+08,3.00000000e-08,2.38912889e+01,1.0,.200,sky130
3.50000000e-08,8.28217270e-07,3.50000000e-08,3.50095618e-08,3.50000000e-08,6.96981498e-16,3.50000000e-08,-3.09430461e-16,3.50000000e-08,2.45361135e-19,3.50000000e-08,1.78448433e-16,3.50000000e-08,2.67230777e-16,3.50000000e-08,-1.03287020e-21,3.50000000e-08,2.32412394e-08,3.50000000e-08,7.32420120e-01,3.50000000e-08,4.94377699e-02,3.50000000e-08,5.23473610e-01,3.50000000e-08,5.23473600e-01,3.50000000e-08,4.30269652e+07,3.50000000e-08,1.18829162e+09,3.50000000e-08,1.89122484e+08,3.50000000e-08,2.36568876e+01,1.0,.200,sky130
4.00000000e-08,9.37961279e-07,4.00000000e-08,4.00059933e-08,4.00000000e-08,7.03958333e-16,4.00000000e-08,-3.19031098e-16,4.00000000e-08,2.47992020e-19,4.00000000e-08,1.83449527e-16,4.00000000e-08,2.74725612e-16,4.00000000e-08,-4.30327369e-22,4.00000000e-08,2.63835356e-08,4.00000000e-08,7.32419879e-01,4.00000000e-08,4.95560087e-02,4.00000000e-08,5.28983302e-01,4.00000000e-08,5.28983291e-01,4.00000000e-08,3.79024258e+07,4.00000000e-08,1.33241022e+09,4.00000000e-08,2.12059673e+08,4.00000000e-08,2.34455191e+01,1.0,.200,sky130
4.50000000e-08,1.04646484e-06,4.50000000e-08,4.50036778e-08,4.50000000e-08,7.10257493e-16,4.50000000e-08,-3.27678497e-16,4.50000000e-08,2.50096641e-19,4.50000000e-08,1.87939285e-16,4.50000000e-08,2.81454253e-16,4.50000000e-08,2.68310489e-22,4.50000000e-08,2.95029509e-08,4.50000000e-08,7.32419666e-01,4.50000000e-08,4.96734730e-02,4.50000000e-08,5.33886647e-01,4.50000000e-08,5.33886634e-01,4.50000000e-08,3.38949145e+07,4.50000000e-08,1.47335980e+09,4.50000000e-08,2.34492495e+08,4.50000000e-08,2.32528737e+01,1.0,.200,sky130
5.00000000e-08,1.15383941e-06,5.00000000e-08,5.00022866e-08,5.00000000e-08,7.16006949e-16,5.00000000e-08,-3.35555185e-16,5.00000000e-08,2.51797815e-19,5.00000000e-08,1.92016983e-16,5.00000000e-08,2.87565446e-16,5.00000000e-08,1.03102011e-21,5.00000000e-08,3.26011972e-08,5.00000000e-08,7.32419473e-01,5.00000000e-08,4.97902081e-02,5.00000000e-08,5.38308639e-01,5.00000000e-08,5.38308624e-01,5.00000000e-08,3.06737202e+07,5.00000000e-08,1.61149191e+09,5.00000000e-08,2.56476903e+08,5.00000000e-08,2.30757328e+01,1.0,.200,sky130
5.50000000e-08,1.26017507e-06,5.50000000e-08,5.50014191e-08,5.50000000e-08,7.21300490e-16,5.50000000e-08,-3.42794458e-16,5.50000000e-08,2.53181744e-19,5.50000000e-08,1.95754892e-16,5.50000000e-08,2.93167479e-16,5.50000000e-08,1.83665805e-21,5.50000000e-08,3.56795709e-08,5.50000000e-08,7.32419297e-01,5.50000000e-08,4.99062482e-02,5.50000000e-08,5.42338804e-01,5.50000000e-08,5.42338788e-01,5.50000000e-08,2.80272429e+07,5.50000000e-08,1.74708750e+09,5.50000000e-08,2.78057612e+08,5.50000000e-08,2.29116829e+01,1.0,.200,sky130
6.00000000e-08,1.36555057e-06,6.00000000e-08,6.00008490e-08,6.00000000e-08,7.26209265e-16,6.00000000e-08,-3.49497103e-16,6.00000000e-08,2.54311110e-19,6.00000000e-08,1.99207501e-16,6.00000000e-08,2.98341994e-16,6.00000000e-08,2.67082062e-21,6.00000000e-08,3.87392076e-08,6.00000000e-08,7.32419135e-01,6.00000000e-08,5.00216245e-02,6.00000000e-08,5.46043664e-01,6.00000000e-08,5.46043646e-01,6.00000000e-08,2.58136410e+07,6.00000000e-08,1.88038165e+09,6.00000000e-08,2.99272034e+08,6.00000000e-08,2.27588542e+01,1.0,.200,sky130
6.50000000e-08,1.47003509e-06,6.50000000e-08,6.50004578e-08,6.50000000e-08,7.30788598e-16,6.50000000e-08,-3.55741276e-16,6.50000000e-08,2.55232768e-19,6.50000000e-08,2.02416948e-16,6.50000000e-08,3.03152132e-16,6.50000000e-08,3.52344082e-21,6.50000000e-08,4.17811074e-08,6.50000000e-08,7.32418986e-01,6.50000000e-08,5.01363654e-02,6.50000000e-08,5.49474009e-01,6.50000000e-08,5.49473990e-01,6.50000000e-08,2.39342627e+07,6.50000000e-08,2.01157366e+09,6.50000000e-08,3.20151891e+08,6.50000000e-08,2.26157652e+01,1.0,.200,sky130
7.00000000e-08,1.57368950e-06,7.00000000e-08,7.00001820e-08,7.00000000e-08,7.35082400e-16,7.00000000e-08,-3.61588854e-16,7.00000000e-08,2.55982553e-19,7.00000000e-08,2.05416517e-16,7.00000000e-08,3.07647765e-16,7.00000000e-08,4.38733611e-21,7.00000000e-08,4.48061476e-08,7.00000000e-08,7.32418846e-01,7.00000000e-08,5.02504964e-02,7.00000000e-08,5.52669501e-01,7.00000000e-08,5.52669481e-01,7.00000000e-08,2.23183660e+07,7.00000000e-08,2.14083415e+09,7.00000000e-08,3.40724337e+08,7.00000000e-08,2.24812201e+01,1.0,.200,sky130
7.50000000e-08,1.67656744e-06,7.50000000e-08,7.49999805e-08,7.50000000e-08,7.39126127e-16,7.50000000e-08,-3.67089690e-16,7.50000000e-08,2.56588408e-19,7.50000000e-08,2.08232967e-16,7.50000000e-08,3.11868988e-16,7.50000000e-08,5.25729648e-21,7.50000000e-08,4.78150967e-08,7.50000000e-08,7.32418716e-01,7.50000000e-08,5.03640403e-02,7.50000000e-08,5.55661701e-01,7.50000000e-08,5.55661680e-01,7.50000000e-08,2.09138969e+07,7.50000000e-08,2.26831034e+09,7.50000000e-08,3.61012804e+08,7.50000000e-08,2.23542383e+01,1.0,.200,sky130
8.00000000e-08,1.77871660e-06,8.00000000e-08,7.99998313e-08,8.00000000e-08,7.42948855e-16,8.00000000e-08,-3.72284583e-16,8.00000000e-08,2.57072492e-19,8.00000000e-08,2.10888149e-16,8.00000000e-08,3.15848545e-16,8.00000000e-08,6.12949567e-21,8.00000000e-08,5.08086363e-08,8.00000000e-08,7.32418593e-01,8.00000000e-08,5.04770176e-02,8.00000000e-08,5.58476148e-01,8.00000000e-08,5.58476125e-01,8.00000000e-08,1.96816934e+07,8.00000000e-08,2.39413061e+09,8.00000000e-08,3.81037721e+08,8.00000000e-08,2.22340043e+01,1.0,.200,sky130
8.50000000e-08,1.88017948e-06,8.50000000e-08,8.49997178e-08,8.50000000e-08,7.46574732e-16,8.50000000e-08,-3.77207359e-16,8.50000000e-08,2.57452633e-19,8.50000000e-08,2.13400149e-16,8.50000000e-08,3.19613536e-16,8.50000000e-08,7.00109606e-21,8.50000000e-08,5.37873713e-08,8.50000000e-08,7.32418478e-01,8.50000000e-08,5.05894469e-02,8.50000000e-08,5.61133797e-01,8.50000000e-08,5.61133772e-01,8.50000000e-08,1.85917247e+07,8.50000000e-08,2.51840761e+09,8.50000000e-08,4.00817019e+08,8.50000000e-08,2.21198321e+01,1.0,.200,sky130
9.00000000e-08,1.98099428e-06,9.00000000e-08,8.99996297e-08,9.00000000e-08,7.50024054e-16,9.00000000e-08,-3.81886396e-16,9.00000000e-08,2.57743357e-19,9.00000000e-08,2.15784113e-16,9.00000000e-08,3.23186657e-16,9.00000000e-08,7.86998016e-21,9.00000000e-08,5.67518445e-08,9.00000000e-08,7.32418368e-01,9.00000000e-08,5.07013450e-02,9.00000000e-08,5.63652063e-01,9.00000000e-08,5.63652037e-01,9.00000000e-08,1.76205727e+07,9.00000000e-08,2.64124100e+09,9.00000000e-08,4.20366560e+08,9.00000000e-08,2.20111381e+01,1.0,.200,sky130
9.50000000e-08,2.08119542e-06,9.50000000e-08,9.49995602e-08,9.50000000e-08,7.53314047e-16,9.50000000e-08,-3.86345750e-16,9.50000000e-08,2.57956632e-19,9.50000000e-08,2.18052857e-16,9.50000000e-08,3.26587111e-16,9.50000000e-08,8.73456219e-21,9.50000000e-08,5.97025454e-08,9.50000000e-08,7.32418264e-01,9.50000000e-08,5.08127271e-02,9.50000000e-08,5.66045579e-01,9.50000000e-08,5.66045552e-01,9.50000000e-08,1.67497046e+07,9.50000000e-08,2.76271952e+09,9.50000000e-08,4.39700468e+08,9.50000000e-08,2.19074216e+01,1.0,.200,sky130
1.00000000e-07,2.18080836e-06,1.00000000e-07,9.99992143e-08,1.00000000e-07,7.56459291e-16,1.00000000e-07,-3.90605753e-16,1.00000000e-07,2.58102414e-19,1.00000000e-07,2.20217206e-16,1.00000000e-07,3.29831119e-16,1.00000000e-07,9.59360445e-21,1.00000000e-07,6.26397486e-08,1.00000000e-07,7.32418164e-01,1.00000000e-07,5.09236009e-02,1.00000000e-07,5.68326629e-01,1.00000000e-07,5.68326600e-01,1.00000000e-07,1.59643042e+07,1.00000000e-07,2.88291569e+09,1.00000000e-07,4.58830283e+08,1.00000000e-07,2.18082549e+01,1.0,.200,sky130
1.50000000e-07,3.15895832e-06,1.50000000e-07,1.50460807e-07,1.50000000e-07,7.82322884e-16,1.50000000e-07,-4.25529327e-16,1.50000000e-07,2.57181563e-19,1.50000000e-07,2.37853673e-16,1.50000000e-07,3.56266243e-16,1.50000000e-07,1.78405655e-20,1.50000000e-07,9.16161499e-08,1.50000000e-07,7.32417357e-01,1.50000000e-07,5.20170788e-02,1.50000000e-07,5.86879698e-01,1.50000000e-07,5.86879655e-01,1.50000000e-07,1.09151061e+07,1.50000000e-07,4.03792141e+09,1.50000000e-07,6.42655153e+08,1.50000000e-07,2.09952239e+01,1.0,.200,sky130
2.00000000e-07,4.10102126e-06,2.00000000e-07,2.01028955e-07,2.00000000e-07,8.01477690e-16,2.00000000e-07,-4.51286606e-16,2.00000000e-07,2.54110047e-19,2.00000000e-07,2.50742883e-16,2.00000000e-07,3.75586794e-16,2.00000000e-07,2.52793561e-20,2.00000000e-07,1.19606735e-07,2.00000000e-07,7.32416767e-01,2.00000000e-07,5.30720876e-02,2.00000000e-07,6.00483306e-01,2.00000000e-07,6.00483248e-01,2.00000000e-07,8.36073321e+06,2.00000000e-07,5.11682522e+09,2.00000000e-07,8.14368027e+08,2.00000000e-07,2.04001521e+01,1.0,.200,sky130
2.50000000e-07,4.99457123e-06,2.50000000e-07,2.50443213e-07,2.50000000e-07,8.16403532e-16,2.50000000e-07,-4.71303632e-16,2.50000000e-07,2.50331518e-19,2.50000000e-07,2.60692450e-16,2.50000000e-07,3.90501529e-16,2.50000000e-07,3.18466843e-20,2.50000000e-07,1.46106755e-07,2.50000000e-07,7.32416308e-01,2.50000000e-07,5.40692901e-02,2.50000000e-07,6.11070064e-01,2.50000000e-07,6.11069992e-01,2.50000000e-07,6.84431054e+06,2.50000000e-07,6.11777269e+09,2.50000000e-07,9.73673765e+08,2.50000000e-07,1.99429291e+01,1.0,.200,sky130
3.00000000e-07,5.87233627e-06,3.00000000e-07,3.00155433e-07,3.00000000e-07,8.28924593e-16,3.00000000e-07,-4.88063852e-16,3.00000000e-07,2.46233588e-19,3.00000000e-07,2.68978800e-16,3.00000000e-07,4.02923472e-16,3.00000000e-07,3.78727406e-20,3.00000000e-07,1.72023899e-07,3.00000000e-07,7.32415922e-01,3.00000000e-07,5.50428253e-02,3.00000000e-07,6.19975907e-01,3.00000000e-07,6.19975820e-01,3.00000000e-07,5.81314575e+06,3.00000000e-07,7.08428283e+09,3.00000000e-07,1.12749863e+09,3.00000000e-07,1.95643177e+01,1.0,.200,sky130
3.50000000e-07,6.73638832e-06,3.50000000e-07,3.50088411e-07,3.50000000e-07,8.39704056e-16,3.50000000e-07,-5.02472060e-16,3.50000000e-07,2.42029642e-19,3.50000000e-07,2.76070252e-16,3.50000000e-07,4.13554482e-16,3.50000000e-07,4.34374472e-20,3.50000000e-07,1.97386122e-07,3.50000000e-07,7.32415589e-01,3.50000000e-07,5.59937572e-02,3.50000000e-07,6.27681264e-01,3.50000000e-07,6.27681163e-01,3.50000000e-07,5.06621229e+06,3.50000000e-07,8.02233628e+09,3.50000000e-07,1.27679447e+09,3.50000000e-07,1.92419632e+01,1.0,.200,sky130
4.00000000e-07,7.58601357e-06,4.00000000e-07,4.00056952e-07,4.00000000e-07,8.49138143e-16,4.00000000e-07,-5.15067709e-16,4.00000000e-07,2.37837545e-19,4.00000000e-07,2.82245428e-16,4.00000000e-07,4.22812122e-16,4.00000000e-07,4.85939082e-20,4.00000000e-07,2.22157516e-07,4.00000000e-07,7.32415297e-01,4.00000000e-07,5.69208084e-02,4.00000000e-07,6.34467212e-01,4.00000000e-07,6.34467096e-01,4.00000000e-07,4.50131068e+06,4.00000000e-07,8.93378025e+09,4.00000000e-07,1.42185529e+09,4.00000000e-07,1.89623341e+01,1.0,.200,sky130
4.50000000e-07,8.42269258e-06,4.50000000e-07,4.50037255e-07,4.50000000e-07,8.57519830e-16,4.50000000e-07,-5.26248070e-16,4.50000000e-07,2.33711155e-19,4.50000000e-07,2.87707877e-16,4.50000000e-07,4.31001460e-16,4.50000000e-07,5.33998657e-20,4.50000000e-07,2.46377274e-07,4.50000000e-07,7.32415035e-01,4.50000000e-07,5.78255403e-02,4.50000000e-07,6.40538539e-01,4.50000000e-07,6.40538409e-01,4.50000000e-07,4.05881591e+06,4.50000000e-07,9.82215487e+09,4.50000000e-07,1.56324450e+09,4.50000000e-07,1.87155452e+01,1.0,.200,sky130
5.00000000e-07,9.24778372e-06,5.00000000e-07,5.00025427e-07,5.00000000e-07,8.65057204e-16,5.00000000e-07,-5.36294672e-16,5.00000000e-07,2.29676835e-19,5.00000000e-07,2.92601246e-16,5.00000000e-07,4.38337792e-16,5.00000000e-07,5.79029085e-20,5.00000000e-07,2.70086693e-07,5.00000000e-07,7.32414798e-01,5.00000000e-07,5.87095949e-02,5.00000000e-07,6.46039104e-01,5.00000000e-07,6.46038959e-01,5.00000000e-07,3.70251488e+06,5.00000000e-07,1.06903725e+10,5.00000000e-07,1.70142562e+09,5.00000000e-07,1.84946269e+01,1.0,.200,sky130
5.50000000e-07,1.00623313e-05,5.50000000e-07,5.50018016e-07,5.50000000e-07,8.71901772e-16,5.50000000e-07,-5.45412144e-16,5.50000000e-07,2.25747145e-19,5.50000000e-07,2.97029615e-16,5.50000000e-07,4.44977114e-16,5.50000000e-07,6.21413457e-20,5.50000000e-07,2.93321150e-07,5.50000000e-07,7.32414582e-01,5.50000000e-07,5.95743892e-02,5.50000000e-07,6.51072718e-01,5.50000000e-07,6.51072559e-01,5.50000000e-07,3.40923251e+06,5.50000000e-07,1.15406708e+10,5.50000000e-07,1.83675481e+09,5.50000000e-07,1.82945486e+01,1.0,.200,sky130
6.00000000e-07,1.08671774e-05,6.00000000e-07,6.00013129e-07,6.00000000e-07,8.78167552e-16,6.00000000e-07,-5.53754247e-16,6.00000000e-07,2.21926917e-19,6.00000000e-07,3.01070965e-16,6.00000000e-07,4.51036306e-16,6.00000000e-07,6.61465541e-20,6.00000000e-07,3.16111948e-07,6.00000000e-07,7.32414383e-01,6.00000000e-07,6.04211819e-02,6.00000000e-07,6.55716957e-01,6.00000000e-07,6.55716783e-01,6.00000000e-07,3.16343626e+06,6.00000000e-07,1.23748337e+10,6.00000000e-07,1.96951595e+09,6.00000000e-07,1.81115660e+01,1.0,.200,sky130
6.50000000e-07,1.16630116e-05,6.50000000e-07,6.50009780e-07,6.50000000e-07,8.83942540e-16,6.50000000e-07,-5.61439497e-16,6.50000000e-07,2.18216635e-19,6.50000000e-07,3.04785242e-16,6.50000000e-07,4.56605218e-16,6.50000000e-07,6.99445378e-20,6.50000000e-07,3.38486922e-07,6.50000000e-07,7.32414198e-01,6.50000000e-07,6.12510956e-02,6.50000000e-07,6.60031354e-01,6.50000000e-07,6.60031165e-01,6.50000000e-07,2.95432389e+06,6.50000000e-07,1.31943097e+10,6.50000000e-07,2.09993961e+09,6.50000000e-07,1.79428248e+01,1.0,.200,sky130
7.00000000e-07,1.24504059e-05,7.00000000e-07,7.00007408e-07,7.00000000e-07,8.89296080e-16,7.00000000e-07,-5.68561179e-16,7.00000000e-07,2.14614335e-19,7.00000000e-07,3.08219520e-16,7.00000000e-07,4.61754407e-16,7.00000000e-07,7.35570789e-20,7.00000000e-07,3.60470904e-07,7.00000000e-07,7.32414026e-01,7.00000000e-07,6.20651344e-02,7.00000000e-07,6.64062611e-01,7.00000000e-07,6.64062408e-01,7.00000000e-07,2.77414901e+06,7.00000000e-07,1.40002933e+10,7.00000000e-07,2.22821588e+09,7.00000000e-07,1.77861060e+01,1.0,.200,sky130
7.50000000e-07,1.32298408e-05,7.50000000e-07,7.50005685e-07,7.50000000e-07,8.94283803e-16,7.50000000e-07,-5.75194056e-16,7.50000000e-07,2.11116703e-19,7.50000000e-07,3.11411440e-16,7.50000000e-07,4.66540294e-16,7.50000000e-07,7.70026088e-20,7.50000000e-07,3.82086165e-07,7.50000000e-07,7.32413865e-01,7.50000000e-07,6.28642004e-02,7.50000000e-07,6.67848061e-01,7.50000000e-07,6.67847843e-01,7.50000000e-07,2.61721070e+06,7.50000000e-07,1.47937833e+10,7.50000000e-07,2.35450374e+09,7.50000000e-07,1.76396541e+01,1.0,.200,sky130
8.00000000e-07,1.40017248e-05,8.00000000e-07,8.00004401e-07,8.00000000e-07,8.98951028e-16,8.00000000e-07,-5.81398971e-16,8.00000000e-07,2.07719722e-19,8.00000000e-07,3.14391576e-16,8.00000000e-07,4.71008706e-16,8.00000000e-07,8.02968673e-20,8.00000000e-07,4.03352780e-07,8.00000000e-07,7.32413712e-01,8.00000000e-07,6.36491083e-02,8.00000000e-07,6.71418024e-01,8.00000000e-07,6.71417792e-01,8.00000000e-07,2.47921931e+06,8.00000000e-07,1.55756258e+10,8.00000000e-07,2.47893783e+09,8.00000000e-07,1.75020597e+01,1.0,.200,sky130
8.50000000e-07,1.47664095e-05,8.50000000e-07,8.50003427e-07,8.50000000e-07,9.03335166e-16,8.50000000e-07,-5.87226114e-16,8.50000000e-07,2.04419056e-19,8.50000000e-07,3.17185097e-16,8.50000000e-07,4.75197371e-16,8.50000000e-07,8.34534091e-20,8.50000000e-07,4.24288938e-07,8.50000000e-07,7.32413569e-01,8.50000000e-07,6.44205969e-02,8.50000000e-07,6.74797477e-01,8.50000000e-07,6.74797230e-01,8.50000000e-07,2.35688445e+06,8.50000000e-07,1.63465457e+10,8.50000000e-07,2.60163355e+09,8.50000000e-07,1.73721765e+01,1.0,.200,sky130
9.00000000e-07,1.55242011e-05,9.00000000e-07,9.00002673e-07,9.00000000e-07,9.07467464e-16,9.00000000e-07,-5.92717372e-16,9.00000000e-07,2.01210283e-19,9.00000000e-07,3.19812975e-16,9.00000000e-07,4.79137721e-16,9.00000000e-07,8.64839957e-20,9.00000000e-07,4.44911191e-07,9.00000000e-07,7.32413432e-01,9.00000000e-07,6.51793391e-02,9.00000000e-07,6.78007241e-01,9.00000000e-07,6.78006980e-01,9.00000000e-07,2.24763957e+06,9.00000000e-07,1.71071710e+10,9.00000000e-07,2.72269083e+09,9.00000000e-07,1.72490611e+01,1.0,.200,sky130
9.50000000e-07,1.62753684e-05,9.50000000e-07,9.50002081e-07,9.50000000e-07,9.11374293e-16,9.50000000e-07,-5.97908067e-16,9.50000000e-07,1.98089034e-19,9.50000000e-07,3.22292862e-16,9.50000000e-07,4.82856219e-16,9.50000000e-07,8.93989033e-20,9.50000000e-07,4.65234669e-07,9.50000000e-07,7.32413302e-01,9.50000000e-07,6.59259507e-02,9.50000000e-07,6.81064866e-01,9.50000000e-07,6.81064590e-01,9.50000000e-07,2.14945288e+06,9.50000000e-07,1.78580508e+10,9.50000000e-07,2.84219706e+09,9.50000000e-07,1.71319292e+01,1.0,.200,sky130
1.00000000e-06,1.70201129e-05,1.00000000e-06,9.99999099e-07,1.00000000e-06,9.15077927e-16,1.00000000e-06,-6.02828023e-16,1.00000000e-06,1.95051226e-19,1.00000000e-06,3.24639646e-16,1.00000000e-06,4.86375179e-16,1.00000000e-06,9.22070282e-20,1.00000000e-06,4.85272252e-07,1.00000000e-06,7.32413179e-01,1.00000000e-06,6.66609601e-02,1.00000000e-06,6.83985138e-01,1.00000000e-06,6.83984848e-01,1.00000000e-06,2.06069891e+06,1.00000000e-06,1.85996322e+10,1.00000000e-06,2.96022340e+09,1.00000000e-06,1.70201282e+01,1.0,.200,sky130
1.50000000e-06,2.42081270e-05,1.50000000e-06,1.50383088e-06,1.50000000e-06,9.44370389e-16,1.50000000e-06,-6.41722556e-16,1.50000000e-06,1.68279868e-19,1.50000000e-06,3.43059584e-16,1.50000000e-06,5.13997223e-16,1.50000000e-06,1.15982843e-19,1.50000000e-06,6.73742779e-07,1.50000000e-06,7.32412170e-01,1.50000000e-06,7.35220536e-02,1.50000000e-06,7.07948226e-01,1.50000000e-06,7.07947791e-01,1.50000000e-06,1.48424596e+06,1.50000000e-06,2.56341445e+10,1.50000000e-06,4.07980080e+09,1.50000000e-06,1.60976392e+01,1.0,.200,sky130
2.00000000e-06,3.09092819e-05,2.00000000e-06,2.00805727e-06,2.00000000e-06,9.64833264e-16,2.00000000e-06,-6.68888447e-16,2.00000000e-06,1.46615342e-19,2.00000000e-06,3.55777948e-16,2.00000000e-06,5.33071277e-16,2.00000000e-06,1.34293274e-19,2.00000000e-06,8.43339386e-07,2.00000000e-06,7.32411427e-01,2.00000000e-06,7.96178033e-02,2.00000000e-06,7.25818330e-01,2.00000000e-06,7.25817750e-01,2.00000000e-06,1.18576224e+06,2.00000000e-06,3.20358792e+10,2.00000000e-06,5.09866853e+09,2.00000000e-06,1.53926296e+01,1.0,.200,sky130
2.50000000e-06,3.70886890e-05,2.50000000e-06,2.50323250e-06,2.50000000e-06,9.80201994e-16,2.50000000e-06,-6.89299715e-16,2.50000000e-06,1.28685821e-19,2.50000000e-06,3.65247796e-16,2.50000000e-06,5.47274644e-16,2.50000000e-06,1.49005569e-19,2.50000000e-06,9.96301772e-07,2.50000000e-06,7.32410845e-01,2.50000000e-06,8.50544199e-02,2.50000000e-06,7.40025259e-01,2.50000000e-06,7.40024534e-01,2.50000000e-06,1.00371196e+06,2.50000000e-06,3.78378021e+10,2.50000000e-06,6.02207323e+09,2.50000000e-06,1.48163181e+01,1.0,.200,sky130
3.00000000e-06,4.29540805e-05,3.00000000e-06,3.00112515e-06,3.00000000e-06,9.92676762e-16,3.00000000e-06,-7.05878786e-16,3.00000000e-06,1.13055772e-19,3.00000000e-06,3.72881091e-16,3.00000000e-06,5.58724293e-16,3.00000000e-06,1.61574917e-19,3.00000000e-06,1.13955311e-06,3.00000000e-06,7.32410354e-01,3.00000000e-06,9.00946490e-02,3.00000000e-06,7.52155998e-01,3.00000000e-06,7.52155128e-01,3.00000000e-06,8.77536988e+05,3.00000000e-06,4.32709641e+10,3.00000000e-06,6.88678782e+09,3.00000000e-06,1.43126588e+01,1.0,.200,sky130
3.50000000e-06,4.85285125e-05,3.50000000e-06,3.50061347e-06,3.50000000e-06,1.00312896e-15,3.50000000e-06,-7.19781628e-16,3.50000000e-06,9.91983708e-20,3.50000000e-06,3.79238836e-16,3.50000000e-06,5.68261306e-16,3.50000000e-06,1.72552343e-19,3.50000000e-06,1.27467775e-06,3.50000000e-06,7.32409927e-01,3.50000000e-06,9.48045118e-02,3.50000000e-06,7.62802584e-01,3.50000000e-06,7.62801569e-01,3.50000000e-06,7.84512008e+05,3.50000000e-06,4.83771424e+10,3.50000000e-06,7.69946135e+09,3.50000000e-06,1.38628595e+01,1.0,.200,sky130
4.00000000e-06,5.38284810e-05,4.00000000e-06,4.00037151e-06,4.00000000e-06,1.01208299e-15,4.00000000e-06,-7.31703091e-16,4.00000000e-06,8.67629751e-20,4.00000000e-06,3.84656906e-16,4.00000000e-06,5.76389252e-16,4.00000000e-06,1.82288132e-19,4.00000000e-06,1.40273444e-06,4.00000000e-06,7.32409550e-01,4.00000000e-06,9.92289312e-02,4.00000000e-06,7.72323115e-01,4.00000000e-06,7.72321955e-01,4.00000000e-06,7.12893313e+05,4.00000000e-06,5.31858369e+10,4.00000000e-06,8.46478885e+09,4.00000000e-06,1.34558705e+01,1.0,.200,sky130
4.50000000e-06,5.88793326e-05,4.50000000e-06,4.50023193e-06,4.50000000e-06,1.01989745e-15,4.50000000e-06,-7.42118024e-16,4.50000000e-06,7.54766015e-20,4.50000000e-06,3.89363319e-16,4.50000000e-06,5.83450014e-16,4.50000000e-06,1.91040692e-19,4.50000000e-06,1.52476327e-06,4.50000000e-06,7.32409210e-01,4.50000000e-06,1.03410258e-01,4.50000000e-06,7.80971352e-01,4.50000000e-06,7.80970047e-01,4.50000000e-06,6.55839513e+05,4.50000000e-06,5.77306400e+10,4.50000000e-06,9.18811672e+09,4.50000000e-06,1.30836218e+01,1.0,.200,sky130
5.00000000e-06,6.37037122e-05,5.00000000e-06,5.00015198e-06,5.00000000e-06,1.02681819e-15,5.00000000e-06,-7.51351821e-16,5.00000000e-06,6.51379096e-20,5.00000000e-06,3.93513719e-16,5.00000000e-06,5.89676965e-16,5.00000000e-06,1.98995217e-19,5.00000000e-06,1.64158849e-06,5.00000000e-06,7.32408901e-01,5.00000000e-06,1.07381900e-01,5.00000000e-06,7.88924204e-01,5.00000000e-06,7.88922754e-01,5.00000000e-06,6.09166064e+05,5.00000000e-06,6.20399139e+10,5.00000000e-06,9.87395896e+09,5.00000000e-06,1.27403552e+01,1.0,.200,sky130
5.50000000e-06,6.83211825e-05,5.50000000e-06,5.50010378e-06,5.50000000e-06,1.03301999e-15,5.50000000e-06,-7.59635695e-16,5.50000000e-06,5.55953962e-20,5.50000000e-06,3.97218345e-16,5.50000000e-06,5.95235406e-16,5.50000000e-06,2.06288102e-19,5.50000000e-06,1.75386192e-06,5.50000000e-06,7.32408617e-01,5.50000000e-06,1.11170259e-01,5.50000000e-06,7.96309109e-01,5.50000000e-06,7.96307514e-01,5.50000000e-06,5.70170314e+05,5.50000000e-06,6.61373285e+10,5.50000000e-06,1.05260828e+10,5.50000000e-06,1.24217988e+01,1.0,.200,sky130
6.00000000e-06,7.27488311e-05,6.00000000e-06,6.00007323e-06,6.00000000e-06,1.03863144e-15,6.00000000e-06,-7.67139695e-16,6.00000000e-06,4.67320445e-20,6.00000000e-06,4.00558042e-16,6.00000000e-06,6.00246559e-16,6.00000000e-06,2.13022851e-19,6.00000000e-06,1.86211043e-06,6.00000000e-06,7.32408354e-01,6.00000000e-06,1.14796666e-01,6.00000000e-06,8.03221030e-01,6.00000000e-06,8.03219290e-01,6.00000000e-06,5.37025080e+05,6.00000000e-06,7.00429706e+10,6.00000000e-06,1.11476850e+10,6.00000000e-06,1.21246572e+01,1.0,.200,sky130
6.50000000e-06,7.70016676e-05,6.50000000e-06,6.50005308e-06,6.50000000e-06,1.04374977e-15,6.50000000e-06,-7.73992378e-16,6.50000000e-06,3.84555730e-20,6.50000000e-06,4.03593766e-16,6.50000000e-06,6.04801832e-16,6.50000000e-06,2.19279896e-19,6.50000000e-06,1.96676659e-06,6.50000000e-06,7.32408108e-01,6.50000000e-06,1.18278630e-01,6.50000000e-06,8.09732633e-01,6.50000000e-06,8.09730748e-01,6.50000000e-06,5.08448743e+05,6.50000000e-06,7.37740694e+10,6.50000000e-06,1.17415078e+10,6.50000000e-06,1.18463137e+01,1.0,.200,sky130
7.00000000e-06,8.10929501e-05,7.00000000e-06,7.00003934e-06,7.00000000e-06,1.04845023e-15,7.00000000e-06,-7.80293198e-16,7.00000000e-06,3.06918935e-20,7.00000000e-06,4.06372565e-16,7.00000000e-06,6.08971775e-16,7.00000000e-06,2.25123005e-19,7.00000000e-06,2.06819040e-06,7.00000000e-06,7.32407877e-01,7.00000000e-06,1.21630725e-01,7.00000000e-06,8.15900778e-01,7.00000000e-06,8.15898748e-01,7.00000000e-06,4.83514476e+05,7.00000000e-06,7.73455411e+10,7.00000000e-06,1.23099252e+10,7.00000000e-06,1.15846420e+01,1.0,.200,sky130
7.50000000e-06,8.50344555e-05,7.50000000e-06,7.50002971e-06,7.50000000e-06,1.05279220e-15,7.50000000e-06,-7.86120627e-16,7.50000000e-06,2.33805894e-20,7.50000000e-06,4.08931477e-16,7.50000000e-06,6.12811928e-16,7.50000000e-06,2.30603617e-19,7.50000000e-06,2.16668514e-06,7.50000000e-06,7.32407659e-01,7.50000000e-06,1.24865235e-01,7.50000000e-06,8.21770802e-01,7.50000000e-06,8.21768627e-01,7.50000000e-06,4.61534526e+05,7.50000000e-06,8.07704077e+10,7.50000000e-06,1.28550096e+10,7.50000000e-06,1.13378825e+01,1.0,.200,sky130
8.00000000e-06,8.88366997e-05,8.00000000e-06,8.00002279e-06,8.00000000e-06,1.05682336e-15,8.00000000e-06,-7.91537634e-16,8.00000000e-06,1.64717168e-20,8.00000000e-06,4.11300165e-16,8.00000000e-06,6.16366775e-16,8.00000000e-06,2.35763853e-19,8.00000000e-06,2.26250905e-06,8.00000000e-06,7.32407453e-01,8.00000000e-06,1.27992626e-01,8.00000000e-06,8.27379453e-01,8.00000000e-06,8.27377133e-01,8.00000000e-06,4.41987183e+05,8.00000000e-06,8.40601215e+10,8.00000000e-06,1.33785839e+10,8.00000000e-06,1.11045558e+01,1.0,.200,sky130
8.50000000e-06,9.25091172e-05,8.50000000e-06,8.50001771e-06,8.50000000e-06,1.06058250e-15,8.50000000e-06,-7.96595497e-16,8.50000000e-06,9.92349046e-21,8.50000000e-06,4.13502736e-16,8.50000000e-06,6.19672467e-16,8.50000000e-06,2.40638651e-19,8.50000000e-06,2.35588412e-06,8.50000000e-06,7.32407256e-01,8.50000000e-06,1.31021899e-01,8.50000000e-06,8.32756934e-01,8.50000000e-06,8.32754469e-01,8.50000000e-06,4.24469095e+05,8.50000000e-06,8.72248197e+10,8.50000000e-06,1.38822612e+10,8.50000000e-06,1.08834029e+01,1.0,.200,sky130
9.00000000e-06,9.60602096e-05,9.00000000e-06,9.00001392e-06,9.00000000e-06,1.06410166e-15,9.00000000e-06,-8.01336514e-16,9.00000000e-06,3.70057773e-21,9.00000000e-06,4.15559041e-16,9.00000000e-06,6.22758775e-16,9.00000000e-06,2.45257333e-19,9.00000000e-06,2.44700285e-06,9.00000000e-06,7.32407069e-01,9.00000000e-06,1.33960867e-01,9.00000000e-06,8.37928385e-01,9.00000000e-06,8.37925775e-01,9.00000000e-06,4.08663194e+05,9.00000000e-06,9.02735270e+10,9.00000000e-06,1.43674781e+10,9.00000000e-06,1.06733401e+01,1.0,.200,sky130
9.50000000e-06,9.94976685e-05,9.50000000e-06,9.50001103e-06,9.50000000e-06,1.06740755e-15,9.50000000e-06,-8.05795976e-16,9.50000000e-06,-2.22718289e-21,9.50000000e-06,4.17485617e-16,9.50000000e-06,6.25650497e-16,9.50000000e-06,2.49644758e-19,9.50000000e-06,2.53603339e-06,9.50000000e-06,7.32406890e-01,9.50000000e-06,1.36816358e-01,9.50000000e-06,8.42914958e-01,9.50000000e-06,8.42912203e-01,9.50000000e-06,3.94316575e+05,9.50000000e-06,9.32143194e+10,9.50000000e-06,1.48355197e+10,9.50000000e-06,1.04734266e+01,1.0,.200,sky130
1.00000000e-05,1.02828413e-04,1.00000000e-05,9.99999894e-06,1.00000000e-05,1.07052265e-15,1.00000000e-05,-8.10003546e-16,1.00000000e-05,-7.88564916e-21,1.00000000e-05,4.19296342e-16,1.00000000e-05,6.28368447e-16,1.00000000e-05,2.53822112e-19,1.00000000e-05,2.62312197e-06,1.00000000e-05,7.32406718e-01,1.00000000e-05,1.39594333e-01,1.00000000e-05,8.47734528e-01,1.00000000e-05,8.47731628e-01,1.00000000e-05,3.81225125e+05,1.00000000e-05,9.60544019e+10,1.00000000e-05,1.52875329e+10,1.00000000e-05,1.02828424e+01,1.0,.200,sky130
1.50000000e-05,1.31498658e-04,1.50000000e-05,1.50113981e-05,1.50000000e-05,1.09440118e-15,1.50000000e-05,-8.42480500e-16,1.50000000e-05,-5.35993030e-20,1.50000000e-05,4.33011495e-16,1.50000000e-05,6.48959593e-16,1.50000000e-05,2.87215416e-19,1.50000000e-05,3.41202123e-06,1.50000000e-05,7.32405283e-01,1.50000000e-05,1.64104036e-01,1.50000000e-05,8.89417228e-01,1.50000000e-05,8.89412878e-01,1.50000000e-05,2.93081412e+05,1.50000000e-05,1.20155808e+11,1.50000000e-05,1.91233907e+10,1.50000000e-05,8.75992078e+00,1.0,.200,sky130
2.00000000e-05,1.54079421e-04,2.00000000e-05,2.00186740e-05,2.00000000e-05,1.11034209e-15,2.00000000e-05,-8.64475600e-16,2.00000000e-05,-8.63298694e-20,2.00000000e-05,4.41978240e-16,2.00000000e-05,6.62427092e-16,2.00000000e-05,3.10762913e-19,2.00000000e-05,4.09282618e-06,2.00000000e-05,7.32404177e-01,2.00000000e-05,1.84383616e-01,2.00000000e-05,9.23565214e-01,2.00000000e-05,9.23559414e-01,2.00000000e-05,2.44329946e+05,2.00000000e-05,1.38767523e+11,2.00000000e-05,2.20855372e+10,2.00000000e-05,7.69678457e+00,1.0,.200,sky130
2.50000000e-05,1.72674250e-04,2.50000000e-05,2.50061452e-05,2.50000000e-05,1.12199627e-15,2.50000000e-05,-8.80802653e-16,2.50000000e-05,-1.11216539e-19,2.50000000e-05,4.48414777e-16,2.50000000e-05,6.72098051e-16,2.50000000e-05,3.28458507e-19,2.50000000e-05,4.69978328e-06,2.50000000e-05,7.32403264e-01,2.50000000e-05,2.01863219e-01,2.50000000e-05,9.53277583e-01,2.50000000e-05,9.53270333e-01,2.50000000e-05,2.12775769e+05,2.50000000e-05,1.53899130e+11,2.50000000e-05,2.44938073e+10,2.50000000e-05,6.90527265e+00,1.0,.200,sky130
3.00000000e-05,1.88585212e-04,3.00000000e-05,3.00023321e-05,3.00000000e-05,1.13104752e-15,3.00000000e-05,-8.93687702e-16,3.00000000e-05,-1.30936769e-19,3.00000000e-05,4.53330230e-16,3.00000000e-05,6.79486325e-16,3.00000000e-05,3.42328322e-19,3.00000000e-05,5.25537622e-06,3.00000000e-05,7.32402474e-01,3.00000000e-05,2.17425764e-01,3.00000000e-05,9.80185308e-01,3.00000000e-05,9.80176608e-01,3.00000000e-05,1.90281335e+05,3.00000000e-05,1.66735004e+11,3.00000000e-05,2.65367000e+10,3.00000000e-05,6.28568511e+00,1.0,.200,sky130
3.50000000e-05,2.02504167e-04,3.50000000e-05,3.50011870e-05,3.50000000e-05,1.13832631e-15,3.50000000e-05,-9.04224476e-16,3.50000000e-05,-1.46892953e-19,3.50000000e-05,4.57220746e-16,3.50000000e-05,6.85336218e-16,3.50000000e-05,3.53423193e-19,3.50000000e-05,5.77015195e-06,3.50000000e-05,7.32401774e-01,3.50000000e-05,2.31514650e-01,3.50000000e-05,1.00504093e+00,3.50000000e-05,1.00503078e+00,3.50000000e-05,1.73305661e+05,3.50000000e-05,1.77896413e+11,3.50000000e-05,2.83130935e+10,3.50000000e-05,5.78563713e+00,1.0,.200,sky130
4.00000000e-05,2.14891573e-04,4.00000000e-05,4.00006671e-05,4.00000000e-05,1.14433358e-15,4.00000000e-05,-9.13072964e-16,4.00000000e-05,-1.59995164e-19,4.00000000e-05,4.60383225e-16,4.00000000e-05,6.90093171e-16,4.00000000e-05,3.62417663e-19,4.00000000e-05,6.25143385e-06,4.00000000e-05,7.32401142e-01,4.00000000e-05,2.44432335e-01,4.00000000e-05,1.02832070e+00,4.00000000e-05,1.02830910e+00,4.00000000e-05,1.59963302e+05,4.00000000e-05,1.87787527e+11,4.00000000e-05,2.98873132e+10,4.00000000e-05,5.37219975e+00,1.0,.200,sky130
4.50000000e-05,2.26065264e-04,4.50000000e-05,4.50004033e-05,4.50000000e-05,1.14939291e-15,4.50000000e-05,-9.20659694e-16,4.50000000e-05,-1.70869115e-19,4.50000000e-05,4.63008040e-16,4.50000000e-05,6.94042835e-16,4.50000000e-05,3.69772035e-19,4.50000000e-05,6.70453342e-06,4.50000000e-05,7.32400565e-01,4.50000000e-05,2.56394505e-01,4.50000000e-05,1.05034637e+00,4.50000000e-05,1.05033332e+00,4.50000000e-05,1.49152810e+05,4.50000000e-05,1.96682321e+11,4.50000000e-05,3.13029636e+10,4.50000000e-05,5.02362751e+00,1.0,.200,sky130
5.00000000e-05,2.36251113e-04,5.00000000e-05,5.00002588e-05,5.00000000e-05,1.15372389e-15,5.00000000e-05,-9.27274268e-16,5.00000000e-05,-1.79963329e-19,5.00000000e-05,4.65223543e-16,5.00000000e-05,6.97377812e-16,5.00000000e-05,3.75814642e-19,5.00000000e-05,7.13340333e-06,5.00000000e-05,7.32400033e-01,5.00000000e-05,2.67559603e-01,5.00000000e-05,1.07134443e+00,5.00000000e-05,1.07132993e+00,5.00000000e-05,1.40185540e+05,5.00000000e-05,2.04772662e+11,5.00000000e-05,3.25905814e+10,5.00000000e-05,4.72499780e+00,1.0,.200,sky130
5.50000000e-05,2.45614807e-04,5.50000000e-05,5.50001737e-05,5.50000000e-05,1.15748183e-15,5.50000000e-05,-9.33121601e-16,5.50000000e-05,-1.87610885e-19,5.50000000e-05,4.67119904e-16,5.50000000e-05,7.00233427e-16,5.50000000e-05,3.80788544e-19,5.50000000e-05,7.54108553e-06,5.50000000e-05,7.32399538e-01,5.50000000e-05,2.78047876e-01,5.50000000e-05,1.09148116e+00,5.50000000e-05,1.09146521e+00,5.50000000e-05,1.32606903e+05,5.50000000e-05,2.12197548e+11,5.50000000e-05,3.37722887e+10,5.50000000e-05,4.46570966e+00,1.0,.200,sky130
6.00000000e-05,2.54281297e-04,6.00000000e-05,6.00001206e-05,6.00000000e-05,1.16078015e-15,6.00000000e-05,-9.38351485e-16,6.00000000e-05,-1.94066042e-19,6.00000000e-05,4.68762570e-16,6.00000000e-05,7.02707906e-16,6.00000000e-05,3.84878968e-19,6.00000000e-05,7.92998696e-06,6.00000000e-05,7.32399076e-01,6.00000000e-05,2.87953071e-01,6.00000000e-05,1.11088279e+00,6.00000000e-05,1.11086539e+00,6.00000000e-05,1.26103612e+05,6.00000000e-05,2.19060687e+11,6.00000000e-05,3.48645911e+10,6.00000000e-05,4.23801311e+00,1.0,.200,sky130
6.50000000e-05,2.62347121e-04,6.50000000e-05,6.50000858e-05,6.50000000e-05,1.16370390e-15,6.50000000e-05,-9.43076342e-16,6.50000000e-05,-1.99527171e-19,6.50000000e-05,4.70200297e-16,6.50000000e-05,7.04874437e-16,6.50000000e-05,3.88230346e-19,6.50000000e-05,8.30205604e-06,6.50000000e-05,7.32398641e-01,6.50000000e-05,2.97349910e-01,6.50000000e-05,1.12964784e+00,6.50000000e-05,1.12962899e+00,6.50000000e-05,1.20452090e+05,6.50000000e-05,2.25441473e+11,6.50000000e-05,3.58801249e+10,6.50000000e-05,4.03610423e+00,1.0,.200,sky130
7.00000000e-05,2.69888464e-04,7.00000000e-05,7.00000619e-05,7.00000000e-05,1.16631821e-15,7.00000000e-05,-9.47382397e-16,7.00000000e-05,-2.04151805e-19,7.00000000e-05,4.71470198e-16,7.00000000e-05,7.06788733e-16,7.00000000e-05,3.90957416e-19,7.00000000e-05,8.65890022e-06,7.00000000e-05,7.32398230e-01,7.00000000e-05,3.06299063e-01,7.00000000e-05,1.14785497e+00,7.00000000e-05,1.14783467e+00,7.00000000e-05,1.15488108e+05,7.00000000e-05,2.31402084e+11,7.00000000e-05,3.68287854e+10,7.00000000e-05,3.85554607e+00,1.0,.200,sky130
7.50000000e-05,2.76966588e-04,7.50000000e-05,7.50000449e-05,7.50000000e-05,1.16867389e-15,7.50000000e-05,-9.51336999e-16,7.50000000e-05,-2.08066885e-19,7.50000000e-05,4.72601038e-16,7.50000000e-05,7.08493985e-16,7.50000000e-05,3.93152740e-19,7.50000000e-05,9.00186700e-06,7.50000000e-05,7.32397841e-01,7.50000000e-05,3.14850574e-01,7.50000000e-05,1.16556822e+00,7.50000000e-05,1.16554647e+00,7.50000000e-05,1.11088066e+05,7.50000000e-05,2.36992192e+11,7.50000000e-05,3.77184789e+10,7.50000000e-05,3.69288562e+00,1.0,.200,sky130
8.00000000e-05,2.83631585e-04,8.00000000e-05,8.00000323e-05,8.00000000e-05,1.17081119e-15,8.00000000e-05,-9.54993579e-16,8.00000000e-05,-2.11375962e-19,8.00000000e-05,4.73615458e-16,8.00000000e-05,7.10024188e-16,8.00000000e-05,3.94891961e-19,8.00000000e-05,9.33210152e-06,8.00000000e-05,7.32397471e-01,8.00000000e-05,3.23046283e-01,8.00000000e-05,1.18284054e+00,8.00000000e-05,1.18281734e+00,8.00000000e-05,1.07157000e+05,8.00000000e-05,2.42252199e+11,8.00000000e-05,3.85556349e+10,8.00000000e-05,3.54539338e+00,1.0,.200,sky130
8.50000000e-05,2.89925023e-04,8.50000000e-05,8.50000225e-05,8.50000000e-05,1.17276240e-15,8.50000000e-05,-9.58395103e-16,8.50000000e-05,-2.14164395e-19,8.50000000e-05,4.74531518e-16,8.50000000e-05,7.11406463e-16,8.50000000e-05,3.96237577e-19,8.50000000e-05,9.65058838e-06,8.50000000e-05,7.32397118e-01,8.50000000e-05,3.30921583e-01,8.50000000e-05,1.19971634e+00,8.50000000e-05,1.19969169e+00,8.50000000e-05,1.03620625e+05,8.50000000e-05,2.47215484e+11,8.50000000e-05,3.93455662e+10,8.50000000e-05,3.41088172e+00,1.0,.200,sky130
9.00000000e-05,2.95881853e-04,9.00000000e-05,9.00000146e-05,9.00000000e-05,1.17455374e-15,9.00000000e-05,-9.61576530e-16,9.00000000e-05,-2.16503187e-19,9.00000000e-05,4.75363788e-16,9.00000000e-05,7.12662697e-16,9.00000000e-05,3.97241718e-19,9.00000000e-05,9.95818289e-06,9.00000000e-05,7.32396781e-01,9.00000000e-05,3.38506722e-01,9.00000000e-05,1.21623332e+00,9.00000000e-05,1.21620722e+00,9.00000000e-05,1.00419927e+05,9.00000000e-05,2.51910016e+11,9.00000000e-05,4.00927243e+10,9.00000000e-05,3.28757561e+00,1.0,.200,sky130
9.50000000e-05,3.01531808e-04,9.50000000e-05,9.50000078e-05,9.50000000e-05,1.17620675e-15,9.50000000e-05,-9.64566607e-16,9.50000000e-05,-2.18451864e-19,9.50000000e-05,4.76124151e-16,9.50000000e-05,7.13810736e-16,9.50000000e-05,3.97948230e-19,9.50000000e-05,1.02556347e-05,9.50000000e-05,7.32396457e-01,9.50000000e-05,3.45827788e-01,9.50000000e-05,1.23242380e+00,9.50000000e-05,1.23239625e+00,9.50000000e-05,9.75073730e+04,9.50000000e-05,2.56359530e+11,9.50000000e-05,4.08008864e+10,9.50000000e-05,3.17401877e+00,1.0,.200,sky130
1.00000000e-04,3.06900437e-04,1.00000000e-04,9.99999861e-05,1.00000000e-04,1.17773921e-15,1.00000000e-04,-9.67389185e-16,1.00000000e-04,-2.20060679e-19,1.00000000e-04,4.76822379e-16,1.00000000e-04,7.14865266e-16,1.00000000e-04,3.98394259e-19,1.00000000e-04,1.05436053e-05,1.00000000e-04,7.32396147e-01,1.00000000e-04,3.52907439e-01,1.00000000e-04,1.24831573e+00,1.00000000e-04,1.24828673e+00,1.00000000e-04,9.48442183e+04,1.00000000e-04,2.60584375e+11,1.00000000e-04,4.14732914e+10,1.00000000e-04,3.06900480e+00,1.0,.200,sky130
1.50000000e-04,3.48933981e-04,1.50000000e-04,1.50014690e-04,1.50000000e-04,1.18882079e-15,1.50000000e-04,-9.89624083e-16,1.50000000e-04,-2.24448849e-19,1.50000000e-04,4.81674879e-16,1.50000000e-04,7.22202699e-16,1.50000000e-04,3.93752675e-19,1.50000000e-04,1.30075528e-05,1.50000000e-04,7.32393571e-01,1.50000000e-04,4.13885495e-01,1.50000000e-04,1.39507399e+00,1.50000000e-04,1.39503049e+00,1.50000000e-04,7.68784118e+04,1.50000000e-04,2.93512684e+11,1.50000000e-04,4.67139946e+10,1.50000000e-04,2.32599875e+00,1.0,.200,sky130
2.00000000e-04,3.76856667e-04,2.00000000e-04,2.00019075e-04,2.00000000e-04,1.19588487e-15,2.00000000e-04,-1.00602049e-15,2.00000000e-04,-2.18841711e-19,2.00000000e-04,4.84597952e-16,2.00000000e-04,7.26629764e-16,2.00000000e-04,3.81182600e-19,2.00000000e-04,1.49256931e-05,2.00000000e-04,7.32391610e-01,2.00000000e-04,4.63450156e-01,2.00000000e-04,1.52750831e+00,2.00000000e-04,1.52745031e+00,2.00000000e-04,6.69985638e+04,2.00000000e-04,3.15127884e+11,2.00000000e-04,5.01541604e+10,2.00000000e-04,1.88410364e+00,1.0,.200,sky130
2.50000000e-04,3.96143941e-04,2.50000000e-04,2.50003684e-04,2.50000000e-04,1.20111897e-15,2.50000000e-04,-1.01964796e-15,2.50000000e-04,-2.09949902e-19,2.50000000e-04,4.86694524e-16,2.50000000e-04,7.29807208e-16,2.50000000e-04,3.66006675e-19,2.50000000e-04,1.64761365e-05,2.50000000e-04,7.32390000e-01,2.50000000e-04,5.06561262e-01,2.50000000e-04,1.65163084e+00,2.50000000e-04,1.65155834e+00,2.50000000e-04,6.06938405e+04,2.50000000e-04,3.29812409e+11,2.50000000e-04,5.24912753e+10,2.50000000e-04,1.58455241e+00,1.0,.200,sky130
3.00000000e-04,4.09622350e-04,3.00000000e-04,2.99997923e-04,3.00000000e-04,1.20532189e-15,3.00000000e-04,-1.03168172e-15,3.00000000e-04,-2.00023026e-19,3.00000000e-04,4.88343253e-16,3.00000000e-04,7.32306342e-16,3.00000000e-04,3.50122552e-19,3.00000000e-04,1.77606838e-05,3.00000000e-04,7.32388598e-01,3.00000000e-04,5.45752766e-01,3.00000000e-04,1.77056023e+00,3.00000000e-04,1.77047323e+00,3.00000000e-04,5.63041386e+04,3.00000000e-04,3.39844778e+11,3.00000000e-04,5.40879764e+10,3.00000000e-04,1.36541728e+00,1.0,.200,sky130
3.50000000e-04,4.18955233e-04,3.50000000e-04,3.49991773e-04,3.50000000e-04,1.20885784e-15,3.50000000e-04,-1.04267839e-15,3.50000000e-04,-1.89928492e-19,3.50000000e-04,4.89708569e-16,3.50000000e-04,7.34375721e-16,3.50000000e-04,3.34314932e-19,3.50000000e-04,1.88433798e-05,3.50000000e-04,7.32387319e-01,3.50000000e-04,5.82487307e-01,3.50000000e-04,1.88605505e+00,3.50000000e-04,1.88595355e+00,3.50000000e-04,5.30690360e+04,3.50000000e-04,3.46571135e+11,3.50000000e-04,5.51585092e+10,3.50000000e-04,1.19704309e+00,1.0,.200,sky130
4.00000000e-04,4.25218131e-04,4.00000000e-04,3.99980825e-04,4.00000000e-04,1.21192327e-15,4.00000000e-04,-1.05295000e-15,4.00000000e-04,-1.80024673e-19,4.00000000e-04,4.90875966e-16,4.00000000e-04,7.36144788e-16,4.00000000e-04,3.18928113e-19,4.00000000e-04,1.97683340e-05,4.00000000e-04,7.32386095e-01,4.00000000e-04,6.17713388e-01,4.00000000e-04,1.99925414e+00,4.00000000e-04,1.99913814e+00,4.00000000e-04,5.05859524e+04,4.00000000e-04,3.50862254e+11,4.00000000e-04,5.58414620e+10,4.00000000e-04,1.06309629e+00,1.0,.200,sky130
4.50000000e-04,4.29146429e-04,4.50000000e-04,4.49960678e-04,4.50000000e-04,1.21463651e-15,4.50000000e-04,-1.06269038e-15,4.50000000e-04,-1.70463175e-19,4.50000000e-04,4.91895706e-16,4.50000000e-04,7.37689733e-16,4.50000000e-04,3.04114831e-19,4.50000000e-04,2.05673128e-05,4.50000000e-04,7.32384866e-01,4.50000000e-04,6.52087417e-01,4.50000000e-04,2.11093786e+00,4.50000000e-04,2.11080736e+00,4.50000000e-04,4.86208389e+04,4.50000000e-04,3.53312636e+11,4.50000000e-04,5.62314525e+10,4.50000000e-04,9.53742071e-01,1.0,.200,sky130
5.00000000e-04,4.31264524e-04,5.00000000e-04,4.99925459e-04,5.00000000e-04,1.21707477e-15,5.00000000e-04,-1.07202906e-15,5.00000000e-04,-1.61305243e-19,5.00000000e-04,4.92800107e-16,5.00000000e-04,7.39059591e-16,5.00000000e-04,2.89937850e-19,5.00000000e-04,2.12639710e-05,5.00000000e-04,7.32383569e-01,5.00000000e-04,6.86087053e-01,5.00000000e-04,2.22166381e+00,5.00000000e-04,2.22151881e+00,5.00000000e-04,4.70279046e+04,5.00000000e-04,3.54345133e+11,5.00000000e-04,5.63957796e+10,5.00000000e-04,8.62657654e-01,1.0,.200,sky130
5.50000000e-04,4.31958859e-04,5.50000000e-04,5.49867232e-04,5.50000000e-04,1.21929147e-15,5.50000000e-04,-1.08105724e-15,5.50000000e-04,-1.52570540e-19,5.50000000e-04,4.93611352e-16,5.50000000e-04,7.40288037e-16,5.50000000e-04,2.76415394e-19,5.50000000e-04,2.18763830e-05,5.50000000e-04,7.32382136e-01,5.50000000e-04,7.20073833e-01,5.50000000e-04,2.33184240e+00,5.50000000e-04,2.33168290e+00,5.50000000e-04,4.57113957e+04,5.50000000e-04,3.54270384e+11,5.50000000e-04,5.63838828e+10,5.50000000e-04,7.85569377e-01,1.0,.200,sky130
6.00000000e-04,4.31521911e-04,6.00000000e-04,5.99775618e-04,6.00000000e-04,1.22132522e-15,6.00000000e-04,-1.08984155e-15,6.00000000e-04,-1.44258983e-19,6.00000000e-04,4.94345420e-16,6.00000000e-04,7.41399340e-16,6.00000000e-04,2.63542987e-19,6.00000000e-04,2.24186451e-05,6.00000000e-04,7.32380483e-01,6.00000000e-04,7.54329986e-01,6.00000000e-04,2.44178133e+00,6.00000000e-04,2.44160733e+00,6.00000000e-04,4.46057286e+04,6.00000000e-04,3.53322688e+11,6.00000000e-04,5.62330523e+10,6.00000000e-04,7.19472246e-01,1.0,.200,sky130
6.50000000e-04,4.30180019e-04,6.50000000e-04,6.49637529e-04,6.50000000e-04,1.22320489e-15,6.50000000e-04,-1.09843204e-15,6.50000000e-04,-1.36361065e-19,6.50000000e-04,4.95014244e-16,6.50000000e-04,7.42411630e-16,6.50000000e-04,2.51304537e-19,6.50000000e-04,2.29019377e-05,6.50000000e-04,7.32378514e-01,6.50000000e-04,7.89081135e-01,6.50000000e-04,2.55171317e+00,6.50000000e-04,2.55152467e+00,6.50000000e-04,4.36644276e+04,6.50000000e-04,3.51682718e+11,6.50000000e-04,5.59720430e+10,6.50000000e-04,6.62184680e-01,1.0,.200,sky130
7.00000000e-04,4.28111708e-04,7.00000000e-04,6.99437006e-04,7.00000000e-04,1.22495260e-15,7.00000000e-04,-1.10686700e-15,7.00000000e-04,-1.28862945e-19,7.00000000e-04,4.95627000e-16,7.00000000e-04,7.43338845e-16,7.00000000e-04,2.39678197e-19,7.00000000e-04,2.33352544e-05,7.00000000e-04,7.32376118e-01,7.00000000e-04,8.24510862e-01,7.00000000e-04,2.66181318e+00,7.00000000e-04,2.66161018e+00,7.00000000e-04,4.28536147e+04,7.00000000e-04,3.49492469e+11,7.00000000e-04,5.56234541e+10,7.00000000e-04,6.12080436e-01,1.0,.200,sky130
7.50000000e-04,4.25460138e-04,7.50000000e-04,7.49155189e-04,7.50000000e-04,1.22658571e-15,7.50000000e-04,-1.11517608e-15,7.50000000e-04,-1.21749028e-19,7.50000000e-04,4.96190901e-16,7.50000000e-04,7.44191950e-16,7.50000000e-04,2.28639557e-19,7.50000000e-04,2.37259184e-05,7.50000000e-04,7.32373165e-01,7.50000000e-04,8.60770320e-01,7.50000000e-04,2.77221136e+00,7.50000000e-04,2.77199386e+00,7.50000000e-04,4.21479997e+04,7.50000000e-04,3.46865396e+11,7.50000000e-04,5.52053424e+10,7.50000000e-04,5.67919898e-01,1.0,.200,sky130
8.00000000e-04,4.22341795e-04,8.00000000e-04,7.98770392e-04,8.00000000e-04,1.22811807e-15,8.00000000e-04,-1.12338241e-15,8.00000000e-04,-1.15003296e-19,8.00000000e-04,4.96711736e-16,8.00000000e-04,7.44979739e-16,8.00000000e-04,2.18163392e-19,8.00000000e-04,2.40799566e-05,8.00000000e-04,7.32369509e-01,8.00000000e-04,8.97984745e-01,8.00000000e-04,2.88300082e+00,8.00000000e-04,2.88276882e+00,8.00000000e-04,4.15283141e+04,8.00000000e-04,3.43893478e+11,8.00000000e-04,5.47323469e+10,8.00000000e-04,5.28739922e-01,1.0,.200,sky130
8.50000000e-04,4.18852668e-04,8.50000000e-04,8.48258328e-04,8.50000000e-04,1.22956089e-15,8.50000000e-04,-1.13150404e-15,8.50000000e-04,-1.08609991e-19,8.50000000e-04,4.97194227e-16,8.50000000e-04,7.45709390e-16,8.50000000e-04,2.08224612e-19,8.50000000e-04,2.44023761e-05,8.50000000e-04,7.32364990e-01,8.50000000e-04,9.36257987e-01,8.50000000e-04,2.99424402e+00,8.50000000e-04,2.99399752e+00,8.50000000e-04,4.09796160e+04,8.50000000e-04,3.40652236e+11,8.50000000e-04,5.42164872e+10,8.50000000e-04,4.93779612e-01,1.0,.200,sky130
9.00000000e-04,4.15072737e-04,9.00000000e-04,8.97592442e-04,9.00000000e-04,1.23092339e-15,9.00000000e-04,-1.13955504e-15,9.00000000e-04,-1.02553930e-19,9.00000000e-04,4.97642286e-16,9.00000000e-04,7.46386849e-16,9.00000000e-04,1.98798760e-19,9.00000000e-04,2.46973728e-05,9.00000000e-04,7.32359434e-01,9.00000000e-04,9.75675732e-01,9.00000000e-04,3.10597757e+00,9.00000000e-04,3.10571657e+00,9.00000000e-04,4.04901367e+04,9.00000000e-04,3.37204363e+11,9.00000000e-04,5.36677412e+10,9.00000000e-04,4.62428957e-01,1.0,.200,sky130
9.50000000e-04,4.11069269e-04,9.50000000e-04,9.46744368e-04,9.50000000e-04,1.23221322e-15,9.50000000e-04,-1.14754628e-15,9.50000000e-04,-9.68206397e-20,9.50000000e-04,4.98059204e-16,9.50000000e-04,7.47017116e-16,9.50000000e-04,1.89862240e-19,9.50000000e-04,2.49684903e-05,9.50000000e-04,7.32352656e-01,9.50000000e-04,1.01630790e+00,9.50000000e-04,3.21821613e+00,9.50000000e-04,3.21794063e+00,9.50000000e-04,4.00504792e+04,9.50000000e-04,3.33602385e+11,9.50000000e-04,5.30944686e+10,9.50000000e-04,4.34192463e-01,1.0,.200,sky130
